x = -5:0.01:5;
y = 1./(1+x.*x);
y1 = [ 0.0384615 0.0386069 0.0387533 0.0389007 0.0390493 0.039199 0.0393497 0.0395016 0.0396545 0.0398085 0.0399636 0.0401198 0.040277 0.0404354 0.0405948 0.0407554 0.040917 0.0410797 0.0412435 0.0414084 0.0415743 0.0417414 0.0419095 0.0420788 0.0422491 0.0424205 0.042593 0.0427665 0.0429412 0.043117 0.0432938 0.0434717 0.0436507 0.0438308 0.044012 0.0441943 0.0443777 0.0445621 0.0447476 0.0449343 0.045122 0.0453108 0.0455006 0.0456916 0.0458837 0.0460768 0.046271 0.0464664 0.0466628 0.0468602 0.0470588 0.0472585 0.0474592 0.0476611 0.047864 0.048068 0.0482731 0.0484793 0.0486866 0.0488949 0.0491044 0.0493149 0.0495265 0.0497393 0.0499531 0.0501679 0.0503839 0.050601 0.0508191 0.0510383 0.0512587 0.0514801 0.0517026 0.0519261 0.0521508 0.0523766 0.0526034 0.0528313 0.0530603 0.0532904 0.0535216 0.0537539 0.0539873 0.0542217 0.0544573 0.0546939 0.0549316 0.0551704 0.0554103 0.0556513 0.0558933 0.0561365 0.0563807 0.056626 0.0568724 0.0571199 0.0573685 0.0576182 0.0578689 0.0581208 0.0583737 0.0586289 0.0588877 0.05915 0.0594159 0.0596853 0.0599582 0.0602347 0.0605147 0.0607983 0.0610854 0.061376 0.0616702 0.0619679 0.0622692 0.062574 0.0628823 0.0631942 0.0635096 0.0638286 0.0641511 0.0644771 0.0648067 0.0651398 0.0654764 0.0658166 0.0661603 0.0665076 0.0668584 0.0672128 0.0675707 0.0679321 0.068297 0.0686656 0.0690376 0.0694132 0.0697923 0.070175 0.0705612 0.0709509 0.0713442 0.071741 0.0721414 0.0725453 0.0729527 0.0733637 0.0737782 0.0741963 0.0746179 0.075043 0.0754717 0.0759039 0.0763397 0.076779 0.0772218 0.0776682 0.0781181 0.0785715 0.0790285 0.0794891 0.0799531 0.0804208 0.0808919 0.0813666 0.0818448 0.0823266 0.0828119 0.0833007 0.0837931 0.0842891 0.0847885 0.0852915 0.0857981 0.0863082 0.0868218 0.087339 0.0878597 0.0883839 0.0889117 0.089443 0.0899779 0.0905163 0.0910582 0.0916037 0.0921527 0.0927053 0.0932614 0.093821 0.0943842 0.0949509 0.0955212 0.0960949 0.0966723 0.0972532 0.0978376 0.0984255 0.099017 0.099612 0.100211 0.100813 0.101418 0.102028 0.102643 0.103263 0.103887 0.104517 0.105151 0.105791 0.106435 0.107084 0.107738 0.108397 0.109061 0.10973 0.110404 0.111082 0.111766 0.112455 0.113148 0.113846 0.114549 0.115258 0.115971 0.116689 0.117412 0.118139 0.118872 0.11961 0.120352 0.1211 0.121852 0.122609 0.123371 0.124139 0.124911 0.125687 0.126469 0.127256 0.128048 0.128844 0.129646 0.130452 0.131264 0.13208 0.132901 0.133727 0.134558 0.135394 0.136235 0.13708 0.137931 0.138787 0.139647 0.140512 0.141383 0.142258 0.143138 0.144023 0.144913 0.145808 0.146708 0.147612 0.148522 0.149436 0.150356 0.15128 0.152209 0.153143 0.154083 0.155027 0.155975 0.156929 0.157888 0.158852 0.15982 0.160794 0.161772 0.162755 0.163743 0.164737 0.165735 0.166738 0.167745 0.168758 0.169776 0.170798 0.171826 0.172858 0.173896 0.174938 0.175985 0.177037 0.178094 0.179156 0.180223 0.181295 0.182371 0.183453 0.184539 0.185631 0.186727 0.187852 0.18903 0.190261 0.191545 0.192881 0.19427 0.195712 0.197207 0.198755 0.200356 0.202009 0.203715 0.205474 0.207286 0.209151 0.211068 0.213039 0.215062 0.217138 0.219266 0.221448 0.223682 0.22597 0.22831 0.230703 0.233148 0.235647 0.238198 0.240802 0.243459 0.246169 0.248932 0.251747 0.254616 0.257537 0.260511 0.263538 0.266617 0.26975 0.272935 0.276173 0.279464 0.282807 0.286204 0.289653 0.293155 0.29671 0.300318 0.303979 0.307692 0.311459 0.315278 0.31915 0.323074 0.327052 0.331082 0.335166 0.339302 0.34349 0.347732 0.352027 0.356374 0.360774 0.365227 0.369733 0.374291 0.378903 0.383567 0.388284 0.393054 0.397877 0.402752 0.407681 0.412662 0.417696 0.422783 0.427922 0.433115 0.43836 0.443658 0.449009 0.454413 0.45987 0.465379 0.470941 0.476556 0.482224 0.487945 0.493718 0.499545 0.505424 0.511356 0.517341 0.523378 0.529469 0.535612 0.541808 0.548057 0.554359 0.560713 0.567062 0.573348 0.579569 0.585727 0.591821 0.597851 0.603817 0.609719 0.615558 0.621333 0.627044 0.632691 0.638274 0.643794 0.649249 0.654641 0.659969 0.665234 0.670434 0.675571 0.680644 0.685653 0.690598 0.69548 0.700297 0.705051 0.709741 0.714367 0.71893 0.723428 0.727863 0.732234 0.736541 0.740785 0.744964 0.74908 0.753132 0.75712 0.761044 0.764905 0.768701 0.772434 0.776103 0.779708 0.78325 0.786728 0.790141 0.793491 0.796778 0.8 0.803159 0.806253 0.809284 0.812251 0.815155 0.817994 0.82077 0.823482 0.82613 0.828714 0.831235 0.833692 0.836084 0.838413 0.840679 0.84288 0.845018 0.847092 0.849102 0.851048 0.85293 0.854749 0.856504 0.858195 0.859822 0.861385 0.862885 0.86432 0.865692 0.867 0.868245 0.869425 0.870542 0.871595 0.872584 0.873509 0.87437 0.875168 0.875902 0.876572 0.877178 0.87772 0.878199 0.878614 0.878965 0.879252 0.879475 0.879635 0.87973 0.879762 0.87973 0.879635 0.879475 0.879252 0.878965 0.878614 0.878199 0.87772 0.877178 0.876572 0.875902 0.875168 0.87437 0.873509 0.872584 0.871595 0.870542 0.869425 0.868245 0.867 0.865692 0.86432 0.862885 0.861385 0.859822 0.858195 0.856504 0.854749 0.85293 0.851048 0.849102 0.847092 0.845018 0.84288 0.840679 0.838413 0.836084 0.833692 0.831235 0.828714 0.82613 0.823482 0.82077 0.817994 0.815155 0.812251 0.809284 0.806253 0.803159 0.8 0.796778 0.793491 0.790141 0.786728 0.78325 0.779708 0.776103 0.772434 0.768701 0.764905 0.761044 0.75712 0.753132 0.74908 0.744964 0.740785 0.736541 0.732234 0.727863 0.723428 0.71893 0.714367 0.709741 0.705051 0.700297 0.69548 0.690598 0.685653 0.680644 0.675571 0.670434 0.665234 0.659969 0.654641 0.649249 0.643794 0.638274 0.632691 0.627044 0.621333 0.615558 0.609719 0.603817 0.597851 0.591821 0.585727 0.579569 0.573348 0.567062 0.560713 0.554359 0.548057 0.541808 0.535612 0.529469 0.523378 0.517341 0.511356 0.505424 0.499545 0.493718 0.487945 0.482224 0.476556 0.470941 0.465379 0.45987 0.454413 0.449009 0.443658 0.43836 0.433115 0.427922 0.422783 0.417696 0.412662 0.407681 0.402752 0.397877 0.393054 0.388284 0.383567 0.378903 0.374291 0.369733 0.365227 0.360774 0.356374 0.352027 0.347732 0.34349 0.339302 0.335166 0.331082 0.327052 0.323074 0.31915 0.315278 0.311459 0.307692 0.303979 0.300318 0.29671 0.293155 0.289653 0.286204 0.282807 0.279464 0.276173 0.272935 0.26975 0.266617 0.263538 0.260511 0.257537 0.254616 0.251747 0.248932 0.246169 0.243459 0.240802 0.238198 0.235647 0.233148 0.230703 0.22831 0.22597 0.223682 0.221448 0.219266 0.217138 0.215062 0.213039 0.211068 0.209151 0.207286 0.205474 0.203715 0.202009 0.200356 0.198755 0.197207 0.195712 0.19427 0.192881 0.191545 0.190261 0.18903 0.187852 0.186727 0.185631 0.184539 0.183453 0.182371 0.181295 0.180223 0.179156 0.178094 0.177037 0.175985 0.174938 0.173896 0.172858 0.171826 0.170798 0.169776 0.168758 0.167745 0.166738 0.165735 0.164737 0.163743 0.162755 0.161772 0.160794 0.15982 0.158852 0.157888 0.156929 0.155975 0.155027 0.154083 0.153143 0.152209 0.15128 0.150356 0.149436 0.148522 0.147612 0.146708 0.145808 0.144913 0.144023 0.143138 0.142258 0.141383 0.140512 0.139647 0.138787 0.137931 0.13708 0.136235 0.135394 0.134558 0.133727 0.132901 0.13208 0.131264 0.130452 0.129646 0.128844 0.128048 0.127256 0.126469 0.125687 0.124911 0.124139 0.123371 0.122609 0.121852 0.1211 0.120352 0.11961 0.118872 0.118139 0.117412 0.116689 0.115971 0.115258 0.114549 0.113846 0.113148 0.112455 0.111766 0.111082 0.110404 0.10973 0.109061 0.108397 0.107738 0.107084 0.106435 0.105791 0.105151 0.104517 0.103887 0.103263 0.102643 0.102028 0.101418 0.100813 0.100211 0.099612 0.099017 0.0984255 0.0978376 0.0972532 0.0966723 0.0960949 0.0955212 0.0949509 0.0943842 0.093821 0.0932614 0.0927053 0.0921527 0.0916037 0.0910582 0.0905163 0.0899779 0.089443 0.0889117 0.0883839 0.0878597 0.087339 0.0868218 0.0863082 0.0857981 0.0852915 0.0847885 0.0842891 0.0837931 0.0833007 0.0828119 0.0823266 0.0818448 0.0813666 0.0808919 0.0804208 0.0799531 0.0794891 0.0790285 0.0785715 0.0781181 0.0776682 0.0772218 0.076779 0.0763397 0.0759039 0.0754717 0.075043 0.0746179 0.0741963 0.0737782 0.0733637 0.0729527 0.0725453 0.0721414 0.071741 0.0713442 0.0709509 0.0705612 0.070175 0.0697923 0.0694132 0.0690376 