xp = [ -3.18173e-16 -0.325911 -0.821901 -1.31707 -1.67246 -1.70377 -1.47752 -1.1306 -0.727513 -0.305952 9.37987e-10 0.305969 0.727529 1.13061 1.47753 1.70378 1.67245 1.31705 0.821881 0.325892 1.06058e-16 ];
yp = [ 1.1547 1.51467 1.62081 1.515 1.16245 0.662388 0.20779 -0.165906 -0.479274 -0.76779 -1.15468 -0.767778 -0.479262 -0.165892 0.207806 0.662408 1.16247 1.51501 1.62081 1.51466 1.1547 ];
x1 = [ -3.23523e-16 -0.00281618 -0.00563262 -0.0084496 -0.0112674 -0.0140862 -0.0169064 -0.0197281 -0.0225517 -0.0253775 -0.0282056 -0.0310364 -0.0338701 -0.0367071 -0.0395474 -0.0423915 -0.0452396 -0.0480919 -0.0509487 -0.0538104 -0.0566771 -0.059549 -0.0624266 -0.06531 -0.0681996 -0.0710955 -0.073998 -0.0769075 -0.0798242 -0.0827482 -0.08568 -0.0886198 -0.0915678 -0.0945243 -0.0974896 -0.100464 -0.103448 -0.106441 -0.109444 -0.112457 -0.11548 -0.118515 -0.12156 -0.124616 -0.127683 -0.130763 -0.133854 -0.136957 -0.140073 -0.143202 -0.146344 -0.149499 -0.152668 -0.15585 -0.159046 -0.162257 -0.165483 -0.168723 -0.171979 -0.17525 -0.178536 -0.181839 -0.185158 -0.188493 -0.191845 -0.195214 -0.1986 -0.202004 -0.205426 -0.208865 -0.212323 -0.2158 -0.219296 -0.22281 -0.226344 -0.229898 -0.233472 -0.237066 -0.24068 -0.244315 -0.247971 -0.251648 -0.255347 -0.259068 -0.262811 -0.266576 -0.270363 -0.274174 -0.278007 -0.281864 -0.285745 -0.28965 -0.293578 -0.297532 -0.301509 -0.305512 -0.309541 -0.313594 -0.317674 -0.321779 -0.325911 -0.330069 -0.334254 -0.338464 -0.342701 -0.346962 -0.351249 -0.35556 -0.359896 -0.364256 -0.368639 -0.373046 -0.377477 -0.38193 -0.386406 -0.390904 -0.395424 -0.399965 -0.404528 -0.409112 -0.413717 -0.418342 -0.422987 -0.427652 -0.432336 -0.43704 -0.441763 -0.446504 -0.451263 -0.45604 -0.460835 -0.465647 -0.470477 -0.475323 -0.480185 -0.485063 -0.489958 -0.494867 -0.499792 -0.504732 -0.509686 -0.514655 -0.519637 -0.524633 -0.529643 -0.534665 -0.5397 -0.544748 -0.549807 -0.554878 -0.559961 -0.565055 -0.57016 -0.575275 -0.580401 -0.585536 -0.590682 -0.595836 -0.600999 -0.606171 -0.611352 -0.61654 -0.621737 -0.626941 -0.632151 -0.637369 -0.642593 -0.647824 -0.65306 -0.658302 -0.66355 -0.668802 -0.674059 -0.67932 -0.684586 -0.689855 -0.695127 -0.700403 -0.705682 -0.710963 -0.716246 -0.721531 -0.726818 -0.732106 -0.737395 -0.742685 -0.747975 -0.753265 -0.758555 -0.763844 -0.769133 -0.77442 -0.779706 -0.78499 -0.790272 -0.795551 -0.800828 -0.806101 -0.811372 -0.816638 -0.821901 -0.82716 -0.832414 -0.837664 -0.842909 -0.84815 -0.853386 -0.858618 -0.863845 -0.869067 -0.874285 -0.879497 -0.884705 -0.889908 -0.895106 -0.900299 -0.905486 -0.910669 -0.915846 -0.921018 -0.926184 -0.931345 -0.936501 -0.941651 -0.946796 -0.951934 -0.957068 -0.962195 -0.967317 -0.972432 -0.977542 -0.982646 -0.987744 -0.992835 -0.997921 -1.003 -1.00807 -1.01314 -1.0182 -1.02325 -1.0283 -1.03334 -1.03838 -1.0434 -1.04842 -1.05344 -1.05845 -1.06345 -1.06844 -1.07343 -1.0784 -1.08338 -1.08834 -1.0933 -1.09825 -1.10319 -1.10813 -1.11306 -1.11798 -1.12289 -1.12779 -1.13269 -1.13758 -1.14246 -1.14734 -1.1522 -1.15706 -1.16191 -1.16675 -1.17159 -1.17641 -1.18123 -1.18604 -1.19084 -1.19563 -1.20041 -1.20519 -1.20996 -1.21471 -1.21946 -1.2242 -1.22893 -1.23366 -1.23837 -1.24307 -1.24777 -1.25246 -1.25713 -1.2618 -1.26646 -1.27111 -1.27575 -1.28038 -1.285 -1.28961 -1.29421 -1.2988 -1.30338 -1.30795 -1.31252 -1.31707 -1.32161 -1.32614 -1.33066 -1.33517 -1.33967 -1.34416 -1.34864 -1.3531 -1.35755 -1.36199 -1.36642 -1.37083 -1.37523 -1.37961 -1.38398 -1.38834 -1.39268 -1.39701 -1.40132 -1.40561 -1.40989 -1.41416 -1.4184 -1.42263 -1.42685 -1.43104 -1.43522 -1.43938 -1.44352 -1.44765 -1.45175 -1.45584 -1.4599 -1.46395 -1.46797 -1.47198 -1.47596 -1.47993 -1.48387 -1.48779 -1.49169 -1.49557 -1.49942 -1.50326 -1.50706 -1.51085 -1.51461 -1.51835 -1.52206 -1.52575 -1.52942 -1.53306 -1.53667 -1.54026 -1.54382 -1.54736 -1.55087 -1.55435 -1.55781 -1.56124 -1.56464 -1.56801 -1.57135 -1.57467 -1.57795 -1.58121 -1.58444 -1.58764 -1.59081 -1.59394 -1.59705 -1.60013 -1.60317 -1.60618 -1.60916 -1.61211 -1.61503 -1.61791 -1.62076 -1.62358 -1.62636 -1.62911 -1.63183 -1.63451 -1.63715 -1.63976 -1.64234 -1.64488 -1.64738 -1.64985 -1.65228 -1.65467 -1.65703 -1.65935 -1.66163 -1.66387 -1.66608 -1.66824 -1.67037 -1.67246 -1.6745 -1.67651 -1.67848 -1.68041 -1.6823 -1.68415 -1.68597 -1.68774 -1.68948 -1.69118 -1.69284 -1.69446 -1.69604 -1.69759 -1.69909 -1.70056 -1.702 -1.70339 -1.70475 -1.70607 -1.70736 -1.70861 -1.70982 -1.71099 -1.71213 -1.71323 -1.7143 -1.71533 -1.71632 -1.71728 -1.7182 -1.71909 -1.71994 -1.72076 -1.72154 -1.72229 -1.723 -1.72368 -1.72433 -1.72494 -1.72551 -1.72605 -1.72656 -1.72703 -1.72747 -1.72788 -1.72825 -1.72859 -1.7289 -1.72917 -1.72941 -1.72962 -1.72979 -1.72994 -1.73005 -1.73013 -1.73017 -1.73019 -1.73017 -1.73012 -1.73004 -1.72993 -1.72979 -1.72961 -1.72941 -1.72917 -1.7289 -1.72861 -1.72828 -1.72792 -1.72753 -1.72712 -1.72667 -1.72619 -1.72568 -1.72515 -1.72458 -1.72398 -1.72336 -1.72271 -1.72203 -1.72131 -1.72058 -1.71981 -1.71901 -1.71819 -1.71734 -1.71646 -1.71555 -1.71461 -1.71365 -1.71266 -1.71164 -1.7106 -1.70953 -1.70843 -1.7073 -1.70615 -1.70498 -1.70377 -1.70254 -1.70129 -1.70001 -1.6987 -1.69737 -1.69601 -1.69462 -1.69322 -1.69178 -1.69033 -1.68884 -1.68734 -1.6858 -1.68425 -1.68267 -1.68107 -1.67944 -1.67779 -1.67612 -1.67442 -1.6727 -1.67096 -1.6692 -1.66741 -1.6656 -1.66377 -1.66191 -1.66004 -1.65814 -1.65622 -1.65428 -1.65232 -1.65034 -1.64833 -1.64631 -1.64426 -1.6422 -1.64011 -1.638 -1.63588 -1.63373 -1.63156 -1.62938 -1.62717 -1.62495 -1.6227 -1.62044 -1.61816 -1.61586 -1.61354 -1.61121 -1.60885 -1.60648 -1.60409 -1.60168 -1.59925 -1.59681 -1.59435 -1.59187 -1.58938 -1.58687 -1.58434 -1.5818 -1.57923 -1.57666 -1.57407 -1.57146 -1.56883 -1.56619 -1.56354 -1.56087 -1.55818 -1.55548 -1.55277 -1.55004 -1.54729 -1.54454 -1.54176 -1.53898 -1.53618 -1.53336 -1.53054 -1.5277 -1.52484 -1.52198 -1.5191 -1.5162 -1.5133 -1.51038 -1.50745 -1.50451 -1.50156 -1.49859 -1.49561 -1.49263 -1.48963 -1.48662 -1.48359 -1.48056 -1.47752 -1.47446 -1.4714 -1.46833 -1.46524 -1.46214 -1.45904 -1.45592 -1.4528 -1.44966 -1.44652 -1.44336 -1.44019 -1.43702 -1.43383 -1.43064 -1.42744 -1.42422 -1.421 -1.41777 -1.41452 -1.41127 -1.40801 -1.40474 -1.40146 -1.39818 -1.39488 -1.39158 -1.38826 -1.38494 -1.38161 -1.37827 -1.37492 -1.37156 -1.36819 -1.36482 -1.36144 -1.35805 -1.35465 -1.35124 -1.34783 -1.3444 -1.34097 -1.33753 -1.33409 -1.33063 -1.32717 -1.3237 -1.32022 -1.31674 -1.31325 -1.30975 -1.30624 -1.30273 -1.29921 -1.29568 -1.29214 -1.2886 -1.28505 -1.2815 -1.27793 -1.27437 -1.27079 -1.26721 -1.26362 -1.26002 -1.25642 -1.25281 -1.2492 -1.24558 -1.24195 -1.23832 -1.23468 -1.23103 -1.22738 -1.22372 -1.22006 -1.21639 -1.21272 -1.20904 -1.20536 -1.20167 -1.19797 -1.19427 -1.19056 -1.18685 -1.18313 -1.17941 -1.17569 -1.17195 -1.16822 -1.16448 -1.16073 -1.15698 -1.15322 -1.14946 -1.1457 -1.14193 -1.13816 -1.13438 -1.1306 -1.12681 -1.12302 -1.11923 -1.11543 -1.11163 -1.10782 -1.10401 -1.10019 -1.09637 -1.09255 -1.08872 -1.08488 -1.08105 -1.0772 -1.07336 -1.06951 -1.06565 -1.06179 -1.05792 -1.05405 -1.05018 -1.0463 -1.04242 -1.03853 -1.03464 -1.03074 -1.02684 -1.02293 -1.01902 -1.0151 -1.01118 -1.00725 -1.00332 -0.999382 -0.995441 -0.991494 -0.987543 -0.983586 -0.979624 -0.975658 -0.971686 -0.967709 -0.963727 -0.95974 -0.955747 -0.95175 -0.947747 -0.943739 -0.939726 -0.935707 -0.931683 -0.927654 -0.923619 -0.919579 -0.915533 -0.911482 -0.907426 -0.903364 -0.899297 -0.895224 -0.891146 -0.887062 -0.882972 -0.878877 -0.874776 -0.870669 -0.866557 -0.862439 -0.858315 -0.854186 -0.850051 -0.84591 -0.841763 -0.83761 -0.833452 -0.829287 -0.825117 -0.820941 -0.816758 -0.81257 -0.808376 -0.804175 -0.799969 -0.795757 -0.791538 -0.787314 -0.783083 -0.778846 -0.774603 -0.770353 -0.766098 -0.761836 -0.757568 -0.753293 -0.749012 -0.744725 -0.740432 -0.736132 -0.731825 -0.727513 -0.723193 -0.718868 -0.714537 -0.710199 -0.705857 -0.701509 -0.697157 -0.692799 -0.688437 -0.684071 -0.679702 -0.675328 -0.670951 -0.666571 