xp = [ 14.8556 14.6105 5.38897 10.3271 0.981738 14.8556 ];
yp = [ 3.05537 15.887 12.8164 10.1616 2.64819 3.05537 ];

x1 = [ 14.8556 14.8912 14.9268 14.9623 14.9978 15.0331 15.0684 15.1035 15.1385 15.1733 15.2079 15.2422 15.2763 15.3101 15.3437 15.3769 15.4097 15.4422 15.4743 15.506 15.5373 15.5681 15.5984 15.6283 15.6576 15.6863 15.7145 15.7421 15.7691 15.7954 15.8211 15.8461 15.8703 15.8939 15.9167 15.9387 15.9599 15.9803 15.9999 16.0185 16.0363 16.0532 16.0692 16.0841 16.0982 16.1111 16.1231 16.134 16.1439 16.1526 16.1603 16.1668 16.1721 16.1762 16.1791 16.1808 16.1813 16.1804 16.1783 16.1748 16.17 16.1638 16.1563 16.1473 16.1368 16.1249 16.1116 16.0967 16.0803 16.0623 16.0428 16.0216 15.9988 15.9744 15.9484 15.9206 15.8911 15.8599 15.8269 15.7922 15.7556 15.7173 15.677 15.6349 15.5909 15.545 15.4971 15.4473 15.3955 15.3417 15.2858 15.2279 15.168 15.1059 15.0417 14.9753 14.9068 14.8361 14.7631 14.688 14.6105 14.5308 14.4489 14.3648 14.2786 14.1904 14.1002 14.0081 13.9141 13.8183 13.7207 13.6215 13.5207 13.4183 13.3144 13.209 13.1023 12.9943 12.885 12.7745 12.6629 12.5502 12.4365 12.3218 12.2062 12.0898 11.9726 11.8547 11.7362 11.617 11.4973 11.3772 11.2566 11.1357 11.0144 10.893 10.7714 10.6496 10.5278 10.4061 10.2844 10.1628 10.0414 9.92024 9.79941 9.67895 9.55892 9.43938 9.32039 9.20201 9.08431 8.96734 8.85116 8.73583 8.62142 8.50798 8.39557 8.28426 8.17411 8.06516 7.9575 7.85117 7.74623 7.64275 7.54079 7.4404 7.34166 7.24461 7.14931 7.05584 6.96424 6.87458 6.78692 6.70132 6.61784 6.53654 6.45748 6.38072 6.30633 6.23435 6.16485 6.0979 6.03355 5.97186 5.91289 5.85671 5.80337 5.75294 5.70547 5.66102 5.61966 5.58144 5.54643 5.51468 5.48626 5.46123 5.43964 5.42156 5.40705 5.39616 5.38897 5.38549 5.38569 5.38947 5.39677 5.40749 5.42157 5.43891 5.45945 5.4831 5.50978 5.53941 5.57191 5.60721 5.64522 5.68586 5.72906 5.77473 5.82279 5.87318 5.92579 5.98056 6.03741 6.09626 6.15702 6.21962 6.28398 6.35001 6.41765 6.4868 6.55739 6.62935 6.70258 6.77701 6.85256 6.92916 7.00672 7.08515 7.16439 7.24436 7.32496 7.40613 7.48779 7.56985 7.65223 7.73486 7.81765 7.90053 7.98341 8.06623 8.14888 8.23131 8.31342 8.39514 8.47639 8.55709 8.63716 8.71652 8.79509 8.87278 8.94953 9.02525 9.09986 9.17329 9.24544 9.31625 9.38563 9.45351 9.51979 9.58442 9.64729 9.70835 9.76749 9.82466 9.87975 9.93271 9.98344 10.0319 10.0779 10.1215 10.1625 10.201 10.2367 10.2696 10.2997 10.3269 10.351 10.372 10.3898 10.4044 10.4157 10.4235 10.4278 10.4286 10.4257 10.4191 10.4086 10.3943 10.3759 10.3536 10.3271 10.2964 10.2615 10.2227 10.1799 10.1332 10.0827 10.0286 9.97086 9.9096 9.84492 9.7769 9.70563 9.6312 9.55369 9.47319 9.38979 9.30358 9.21464 9.12306 9.02893 8.93233 8.83336 8.73211 8.62865 8.52307 8.41548 8.30594 8.19455 8.0814 7.96657 7.85015 7.73223 7.6129 7.49224 7.37034 7.24729 7.12318 6.99809 6.87212 6.74534 6.61785 6.48973 6.36107 6.23197 6.10249 5.97275 5.84281 5.71277 5.58272 5.45274 5.32293 5.19336 5.06413 4.93532 4.80703 4.67933 4.55232 4.42608 4.30071 4.17628 4.05289 3.93063 3.80957 3.68981 3.57144 3.45455 3.33921 3.22553 3.11358 3.00345 2.89524 2.78902 2.68489 2.58293 2.48324 2.38589 2.29099 2.1986 2.10883 2.02175 1.93746 1.85605 1.77759 1.70219 1.62992 1.56087 1.49514 1.4328 1.37395 1.31868 1.26707 1.2192 1.17517 1.13507 1.09897 1.06698 1.03917 1.01564 0.996462 0.981738 0.971527 0.965808 0.964534 0.96766 0.975141 0.986932 1.00299 1.02326 1.04771 1.07628 1.10894 1.14563 1.18632 1.23095 1.27949 1.33188 1.38808 1.44804 1.51173 1.57909 1.65008 1.72465 1.80276 1.88437 1.96942 2.05787 2.14968 2.2448 2.34319 2.4448 2.54959 2.6575 2.7685 2.88254 2.99957 3.11955 3.24243 3.36818 3.49673 3.62805 3.7621 3.89882 4.03817 4.1801 4.32458 4.47155 4.62097 4.7728 4.92698 5.08348 5.24225 5.40324 5.5664 5.7317 5.89909 6.06851 6.23993 6.41331 6.58859 6.76572 6.94468 7.1254 7.30784 7.49197 7.67772 7.86507 8.05396 8.24434 8.43618 8.62942 8.82402 9.01994 9.21713 9.41554 9.61513 9.81586 10.0177 10.2205 10.4244 10.6292 10.8349 11.0415 11.2489 11.4571 11.6659 11.8755 12.0857 12.2965 12.5079 12.7197 12.932 13.1447 13.3578 13.5712 13.7848 13.9987 14.2128 14.427 14.6412 14.8556 ];
