xp = [ 1.06058e-16 0.110071 0.305952 0.516428 0.727513 0.933616 1.1306 1.31393 1.47752 1.61223 1.70377 1.7311 1.67246 1.52594 1.31707 1.07569 0.821901 0.568375 0.325911 0.112711 -5.11315e-11 -0.112714 -0.325915 -0.568379 -0.821906 -1.07569 -1.31707 -1.52595 -1.67246 -1.7311 -1.70377 -1.61223 -1.47752 -1.31393 -1.13059 -0.933612 -0.727509 -0.516424 -0.305948 -0.110068 -3.18173e-16 ];
yp = [ -1.1547 -0.931187 -0.76779 -0.623094 -0.479274 -0.328435 -0.165906 0.011822 0.20779 0.424481 0.662388 0.915377 1.16245 1.36983 1.515 1.59646 1.62081 1.59336 1.51467 1.37607 1.15471 1.37607 1.51467 1.59336 1.62081 1.59646 1.515 1.36982 1.16244 0.915372 0.662383 0.424477 0.207786 0.0118186 -0.165909 -0.328438 -0.479277 -0.623097 -0.767793 -0.93119 -1.1547 ];
x1 = [ 1.02349e-16 0.000880998 0.00176213 0.00264352 0.00352531 0.00440763 0.0052906 0.00617437 0.00705906 0.0079448 0.00883173 0.00971998 0.0106097 0.011501 0.012394 0.0132888 0.0141856 0.0150845 0.0159857 0.0168893 0.0177953 0.018704 0.0196154 0.0205298 0.0214472 0.0223677 0.0232916 0.0242189 0.0251497 0.0260842 0.0270226 0.0279649 0.0289113 0.0298619 0.0308168 0.0317763 0.0327403 0.0337091 0.0346828 0.0356615 0.0366453 0.0376344 0.038629 0.039629 0.0406347 0.0416462 0.0426637 0.0436872 0.0447169 0.045753 0.0467955 0.0478446 0.0489004 0.0499631 0.0510327 0.0521095 0.0531935 0.0542849 0.0553839 0.0564905 0.0576048 0.0587271 0.0598574 0.0609959 0.0621427 0.0632979 0.0644617 0.0656342 0.0668155 0.0680058 0.0692052 0.0704138 0.0716318 0.0728593 0.0740964 0.0753432 0.0766 0.0778667 0.0791436 0.0804308 0.0817284 0.0830366 0.0843554 0.0856851 0.0870257 0.0883774 0.0897402 0.0911144 0.0925001 0.0938974 0.0953064 0.0967273 0.0981602 0.0996052 0.101062 0.102532 0.104014 0.105509 0.107017 0.108537 0.110071 0.111618 0.113177 0.11475 0.116336 0.117934 0.119544 0.121167 0.122802 0.124449 0.126108 0.127779 0.129461 0.131154 0.132859 0.134576 0.136303 0.138041 0.13979 0.141549 0.143319 0.145099 0.146889 0.148689 0.1505 0.152319 0.154149 0.155988 0.157836 0.159693 0.16156 0.163435 0.165319 0.167211 0.169112 0.171021 0.172938 0.174863 0.176796 0.178737 0.180686 0.182641 0.184604 0.186574 0.188552 0.190536 0.192526 0.194523 0.196527 0.198537 0.200553 0.202575 0.204602 0.206636 0.208675 0.210719 0.212769 0.214823 0.216883 0.218947 0.221017 0.22309 0.225168 0.22725 0.229337 0.231427 0.233521 0.235619 0.23772 0.239825 0.241933 0.244044 0.246158 0.248274 0.250393 0.252515 0.254639 0.256766 0.258894 0.261025 0.263157 0.265291 0.267426 0.269563 0.2717 0.273839 0.275979 0.27812 0.280261 0.282403 0.284545 0.286687 0.288829 0.290971 0.293113 0.295255 0.297396 0.299536 0.301676 0.303815 0.305952 0.308088 0.310223 0.312357 0.31449 0.316621 0.318751 0.320881 0.323009 0.325135 0.327261 0.329386 0.33151 0.333632 0.335754 0.337875 0.339994 0.342113 0.344231 0.346348 0.348464 0.350579 0.352693 0.354807 0.356919 0.359031 0.361142 0.363252 0.365361 0.36747 0.369578 0.371685 0.373792 0.375898 0.378003 0.380107 0.382211 0.384315 0.386418 0.38852 0.390622 0.392723 0.394823 0.396924 0.399023 0.401123 0.403222 0.40532 0.407418 0.409516 0.411613 0.41371 0.415807 0.417903 0.419999 0.422095 0.424191 0.426286 0.428381 0.430476 0.432571 0.434665 0.43676 0.438854 0.440949 0.443043 0.445137 0.447231 0.449325 0.451419 0.453513 0.455607 0.457701 0.459795 0.461889 0.463984 0.466078 0.468173 0.470268 0.472363 0.474458 0.476553 0.478648 0.480744 0.48284 0.484937 0.487033 0.48913 0.491227 0.493325 0.495423 0.497521 0.49962 0.50172 0.503819 0.505919 0.50802 0.510121 0.512223 0.514325 0.516428 0.518531 0.520635 0.522739 0.524844 0.52695 0.529056 0.531162 0.533269 0.535376 0.537484 0.539593 0.541701 0.543811 0.54592 0.54803 0.550141 0.552251 0.554362 0.556474 0.558586 0.560698 0.56281 0.564923 0.567036 0.569149 0.571263 0.573377 0.575491 0.577605 0.579719 0.581834 0.583949 0.586064 0.588179 0.590295 0.59241 0.594526 0.596641 0.598757 0.600873 0.602989 0.605105 0.607221 0.609337 0.611453 0.61357 0.615686 0.617802 0.619918 0.622034 0.62415 0.626266 0.628382 0.630498 0.632613 0.634729 0.636844 0.63896 0.641075 0.64319 0.645305 0.647419 0.649534 0.651648 0.653762 0.655876 0.657989 0.660102 0.662215 0.664328 0.66644 0.668553 0.670664 0.672776 0.674887 0.676997 0.679108 0.681218 0.683327 0.685436 0.687545 0.689653 0.691761 0.693868 0.695975 0.698082 0.700187 0.702293 0.704398 0.706502 0.708606 0.710709 0.712811 0.714913 0.717015 0.719116 0.721216 0.723315 0.725414 0.727513 0.72961 0.731707 0.733803 0.735899 0.737994 0.740088 0.742181 0.744274 0.746366 0.748457 0.750548 0.752638 0.754728 0.756816 0.758904 0.760991 0.763078 0.765164 0.767249 0.769333 0.771417 0.7735 0.775582 0.777663 0.779744 0.781824 0.783904 0.785982 0.78806 0.790137 0.792214 0.794289 0.796364 0.798439 0.800512 0.802585 0.804657 0.806728 0.808799 0.810869 0.812938 0.815006 0.817073 0.81914 0.821206 0.823271 0.825336 0.8274 0.829463 0.831525 0.833586 0.835647 0.837707 0.839766 0.841824 0.843882 0.845939 0.847995 0.85005 0.852104 0.854158 0.856211 0.858263 0.860314 0.862365 0.864414 0.866463 0.868511 0.870559 0.872605 0.874651 0.876696 0.87874 0.880783 0.882825 0.884867 0.886908 0.888948 0.890987 0.893025 0.895063 0.897099 0.899135 0.90117 0.903204 0.905238 0.90727 0.909302 0.911333 0.913363 0.915392 0.91742 0.919448 0.921474 0.9235 0.925525 0.927549 0.929572 0.931595 0.933616 0.935637 0.937657 0.939676 0.941694 0.943711 0.945727 0.947742 0.949757 0.95177 0.953783 0.955795 0.957806 0.959815 0.961824 0.963833 0.96584 0.967846 0.969851 0.971855 0.973859 0.975861 0.977862 0.979863 0.981862 0.983861 0.985858 0.987855 0.98985 0.991845 0.993838 0.995831 0.997822 0.999813 1.0018 1.00379 1.00578 1.00776 1.00975 1.01173 1.01372 1.0157 1.01768 1.01966 1.02164 1.02362 1.02559 1.02757 1.02954 1.03152 1.03349 1.03546 1.03743 1.0394 1.04137 1.04334 1.0453 1.04727 1.04923 1.05119 1.05315 1.05511 1.05707 1.05903 1.06099 1.06294 1.06489 1.06685 1.0688 1.07075 1.0727 1.07465 1.07659 1.07854 1.08048 1.08243 1.08437 1.08631 1.08825 1.09019 1.09213 1.09406 1.096 1.09793 1.09986 1.10179 1.10372 1.10565 1.10758 1.1095 1.11143 1.11335 1.11527 1.11719 1.11911 1.12103 1.12295 1.12486 1.12677 1.12869 1.1306 1.13251 1.13442 1.13632 1.13823 1.14013 1.14204 1.14394 1.14584 1.14774 1.14963 1.15153 1.15342 1.15532 1.15721 1.1591 1.16099 1.16287 1.16476 1.16665 1.16853 1.17041 1.17229 1.17417 1.17605 1.17792 1.17979 1.18167 1.18354 1.18541 1.18728 1.18914 1.19101 1.19287 1.19473 1.19659 1.19845 1.20031 1.20217 1.20402 1.20587 1.20772 1.20957 1.21142 1.21327 1.21511 1.21695 1.2188 1.22064 1.22247 1.22431 1.22614 1.22798 1.22981 1.23164 1.23347 1.23529 1.23712 1.23894 1.24076 1.24258 1.2444 1.24622 1.24803 1.24985 1.25166 1.25347 1.25528 1.25708 1.25889 1.26069 1.26249 1.26429 1.26609 1.26788 1.26968 1.27147 1.27326 1.27505 1.27683 1.27862 1.2804 1.28218 1.28396 1.28574 1.28752 1.28929 1.29106 1.29283 1.2946 1.29637 1.29813 1.29989 1.30166 1.30341 1.30517 1.30693 1.30868 1.31043 1.31218 1.31393 1.31567 1.31742 1.31916 1.3209 1.32264 1.32437 1.32611 1.32784 1.32957 1.3313 1.33302 1.33475 1.33647 1.33819 1.33991 1.34162 1.34334 1.34505 1.34676 1.34847 1.35017 1.35188 1.35358 1.35528 1.35697 1.35867 1.36036 1.36205 1.36374 1.36543 1.36711 1.36879 1.37047 1.37215 1.37382 1.3755 1.37717 1.37884 1.3805 1.38217 1.38383 1.38549 1.38714 1.3888 1.39045 1.3921 1.39375 1.39539 1.39704 1.39868 1.40032 1.40195 1.40359 1.40522 1.40685 1.40847 1.4101 1.41172 1.41334 1.41495 1.41657 1.41818 1.41979 1.4214 1.423 1.4246 1.4262 1.4278 1.42939 1.43098 1.43257 1.43416 1.43574 1.43733 1.4389 1.44048 1.44206 1.44363 1.4452 1.44676 1.44832 1.44989 1.45144 1.453 1.45455 1.4561 1.45765 1.45919 1.46074 1.46228 1.46381 1.46535 1.46688 1.46841 1.46993 1.47145 1.47297 1.47449 1.47601 1.47752 1.47903 1.48053 1.48204 1.48354 1.48503 1.48653 1.48802 1.48951 1.491 1.49248 1.49396 1.49544 1.49691 1.49838 1.49985 1.50132 1.50278 1.50424 1.50569 1.50715 1.5086 1.51004 1.51149 1.51293 1.51437 1.5158 1.51723 1.51866 1.52008 1.52151 1.52292 1.52434 1.52575 1.52716 1.52857 1.52997 