x = -5:0.01:5;
y = 1./(1+x.*x);
y1 = [0.0384615 0.0386378 0.0388141 0.0389905 0.0391668 0.0393433 0.0395198 0.0396965 0.0398732 0.0400501 0.0402271 0.0404043 0.0405817 0.0407592 0.040937 0.041115 0.0412933 0.0414718 0.0416506 0.0418297 0.0420091 0.0421888 0.0423689 0.0425493 0.0427301 0.0429113 0.0430929 0.043275 0.0434575 0.0436404 0.0438238 0.0440078 0.0441922 0.0443771 0.0445626 0.0447487 0.0449353 0.0451225 0.0453103 0.0454987 0.0456878 0.0458776 0.046068 0.0462591 0.0464509 0.0466434 0.0468366 0.0470307 0.0472255 0.047421 0.0476174 0.0478146 0.0480126 0.0482115 0.0484113 0.0486119 0.0488135 0.0490159 0.0492193 0.0494237 0.049629 0.0498353 0.0500426 0.0502509 0.0504603 0.0506707 0.0508821 0.0510947 0.0513083 0.0515231 0.051739 0.0519561 0.0521743 0.0523937 0.0526142 0.052836 0.0530591 0.0532834 0.0535089 0.0537357 0.0539638 0.0541933 0.054424 0.0546561 0.0548896 0.0551244 0.0553607 0.0555983 0.0558374 0.0560779 0.0563199 0.0565633 0.0568083 0.0570547 0.0573027 0.0575522 0.0578033 0.058056 0.0583102 0.0585661 0.0588235 0.0590827 0.0593435 0.059606 0.0598703 0.0601364 0.0604044 0.0606742 0.060946 0.0612198 0.0614956 0.0617735 0.0620535 0.0623356 0.06262 0.0629066 0.0631954 0.0634866 0.0637802 0.0640762 0.0643746 0.0646755 0.064979 0.0652851 0.0655937 0.0659051 0.0662192 0.066536 0.0668556 0.067178 0.0675034 0.0678316 0.0681629 0.0684971 0.0688344 0.0691748 0.0695184 0.0698651 0.070215 0.0705683 0.0709248 0.0712847 0.071648 0.0720147 0.0723849 0.0727586 0.0731359 0.0735169 0.0739014 0.0742897 0.0746817 0.0750775 0.0754772 0.0758806 0.0762881 0.0766994 0.0771148 0.0775342 0.0779577 0.0783853 0.0788171 0.0792531 0.0796933 0.0801379 0.0805868 0.08104 0.0814977 0.0819599 0.0824266 0.0828979 0.0833737 0.0838542 0.0843393 0.0848292 0.0853239 0.0858234 0.0863277 0.0868369 0.0873511 0.0878703 0.0883945 0.0889237 0.0894581 0.0899976 0.0905423 0.0910923 0.0916476 0.0922081 0.0927741 0.0933455 0.0939223 0.0945046 0.0950925 0.0956859 0.096285 0.0968897 0.0975002 0.0981164 0.0987384 0.0993663 0.1 0.10064 0.101285 0.101937 0.102595 0.103258 0.103928 0.104604 0.105287 0.105975 0.10667 0.107371 0.108079 0.108793 0.109513 0.11024 0.110973 0.111713 0.11246 0.113213 0.113973 0.11474 0.115513 0.116293 0.11708 0.117874 0.118675 0.119483 0.120298 0.12112 0.121949 0.122785 0.123629 0.124479 0.125337 0.126202 0.127075 0.127954 0.128842 0.129736 0.130638 0.131548 0.132465 0.13339 0.134323 0.135263 0.136211 0.137167 0.13813 0.139102 0.140081 0.141068 0.142063 0.143067 0.144078 0.145097 0.146125 0.147161 0.148205 0.149257 0.150317 0.151386 0.152463 0.153549 0.154643 0.155745 0.156856 0.157976 0.159104 0.160241 0.161387 0.162541 0.163705 0.164877 0.166057 0.167247 0.168446 0.169653 0.17087 0.172096 0.173331 0.174575 0.175828 0.17709 0.178362 0.179643 0.180933 0.182233 0.183542 0.18486 0.186188 0.187526 0.188873 0.19023 0.191596 0.192972 0.194358 0.195754 0.197159 0.198575 0.2 0.201435 0.202881 0.204338 0.205807 0.207289 0.208783 0.210292 0.211815 0.213353 0.214907 0.216477 0.218064 0.219669 0.221292 0.222934 0.224595 0.226277 0.22798 0.229704 0.231451 0.23322 0.235013 0.23683 0.238671 0.240538 0.242431 0.244351 0.246298 0.248273 0.250277 0.25231 0.254372 0.256466 0.25859 0.260746 0.262935 0.265157 0.267413 0.269703 0.272028 0.274388 0.276785 0.279219 0.281691 0.284201 0.28675 0.289338 0.291967 0.294636 0.297347 0.3001 0.302896 0.305735 0.308618 0.311546 0.314519 0.317539 0.320605 0.323718 0.326879 0.330088 0.333347 0.336656 0.340015 0.343425 0.346887 0.350402 0.35397 0.357591 0.361266 0.364997 0.368783 0.372626 0.376525 0.380482 0.384497 0.388572 0.392705 0.396899 0.401153 0.405469 0.409847 0.414288 0.418792 0.42336 0.427993 0.432691 0.437455 0.442286 0.447183 0.452149 0.457183 0.462286 0.46746 0.472703 0.478018 0.483404 0.488863 0.494395 0.5 0.505679 0.51143 0.51725 0.523136 0.529087 0.535098 0.541168 0.547294 0.553474 0.559704 0.565982 0.572306 0.578673 0.58508 0.591525 0.598005 0.604517 0.61106 0.617629 0.624223 0.630839 0.637475 0.644127 0.650794 0.657472 0.664159 0.670852 0.677549 0.684247 0.690944 0.697636 0.704322 0.710999 0.717663 0.724313 0.730945 0.737558 0.744148 0.750714 0.757251 0.763759 0.770233 0.776672 0.783073 0.789433 0.79575 0.80202 0.808242 0.814413 0.820531 0.826591 0.832593 0.838533 0.844409 0.850218 0.855957 0.861624 0.867217 0.872732 0.878167 0.88352 0.888788 0.893967 0.899057 0.904053 0.908954 0.913756 0.918457 0.923055 0.927547 0.931931 0.936202 0.94036 0.944402 0.948324 0.952124 0.9558 0.959349 0.962769 0.966056 0.969208 0.972223 0.975098 0.97783 0.980416 0.982855 0.985143 0.987278 0.989257 0.991078 0.992738 0.994234 0.995564 0.996725 0.997715 0.998531 0.99917 0.999629 0.999907 1 0.999907 0.999629 0.99917 0.998531 0.997715 0.996725 0.995564 0.994234 0.992738 0.991078 0.989257 0.987278 0.985143 0.982855 0.980416 0.97783 0.975098 0.972223 0.969208 0.966056 0.962769 0.959349 0.9558 0.952124 0.948324 0.944402 0.94036 0.936202 0.931931 0.927547 0.923055 0.918457 0.913756 0.908954 0.904053 0.899057 0.893967 0.888788 0.88352 0.878167 0.872732 0.867217 0.861624 0.855957 0.850218 0.844409 0.838533 0.832593 0.826591 0.820531 0.814413 0.808242 0.80202 0.79575 0.789433 0.783073 0.776672 0.770233 0.763759 0.757251 0.750714 0.744148 0.737558 0.730945 0.724313 0.717663 0.710999 0.704322 0.697636 0.690944 0.684247 0.677549 0.670852 0.664159 0.657472 0.650794 0.644127 0.637475 0.630839 0.624223 0.617629 0.61106 0.604517 0.598005 0.591525 0.58508 0.578673 0.572306 0.565982 0.559704 0.553474 0.547294 0.541168 0.535098 0.529087 0.523136 0.51725 0.51143 0.505679 0.5 0.494395 0.488863 0.483404 0.478018 0.472703 0.46746 0.462286 0.457183 0.452149 0.447183 0.442286 0.437455 0.432691 0.427993 0.42336 0.418792 0.414288 0.409847 0.405469 0.401153 0.396899 0.392705 0.388572 0.384497 0.380482 0.376525 0.372626 0.368783 0.364997 0.361266 0.357591 0.35397 0.350402 0.346887 0.343425 0.340015 0.336656 0.333347 0.330088 0.326879 0.323718 0.320605 0.317539 0.314519 0.311546 0.308618 0.305735 0.302896 0.3001 0.297347 0.294636 0.291967 0.289338 0.28675 0.284201 0.281691 0.279219 0.276785 0.274388 0.272028 0.269703 0.267413 0.265157 0.262935 0.260746 0.25859 0.256466 0.254372 0.25231 0.250277 0.248273 0.246298 0.244351 0.242431 0.240538 0.238671 0.23683 0.235013 0.23322 0.231451 0.229704 0.22798 0.226277 0.224595 0.222934 0.221292 0.219669 0.218064 0.216477 0.214907 0.213353 0.211815 0.210292 0.208783 0.207289 0.205807 0.204338 0.202881 0.201435 0.2 0.198575 0.197159 0.195754 0.194358 0.192972 0.191596 0.19023 0.188873 0.187526 0.186188 0.18486 0.183542 0.182233 0.180933 0.179643 0.178362 0.17709 0.175828 0.174575 0.173331 0.172096 0.17087 0.169653 0.168446 0.167247 0.166057 0.164877 0.163705 0.162541 0.161387 0.160241 0.159104 0.157976 0.156856 0.155745 0.154643 0.153549 0.152463 0.151386 0.150317 0.149257 0.148205 0.147161 0.146125 0.145097 0.144078 0.143067 0.142063 0.141068 0.140081 0.139102 0.13813 0.137167 0.136211 0.135263 0.134323 0.13339 0.132465 0.131548 0.130638 0.129736 0.128842 0.127954 0.127075 0.126202 0.125337 0.124479 0.123629 0.122785 0.121949 0.12112 0.120298 0.119483 0.118675 0.117874 0.11708 0.116293 0.115513 0.11474 0.113973 0.113213 0.11246 0.111713 0.110973 0.11024 0.109513 0.108793 0.108079 0.107371 0.10667 0.105975 0.105287 0.104604 0.103928 0.103258 0.102595 0.101937 0.101285 0.10064 0.1 0.0993663 0.0987384 0.0981164 0.0975002 0.0968897 0.096285 0.0956859 0.0950925 0.0945046 0.0939223 0.0933455 0.0927741 0.0922081 0.0916476 0.0910923 0.0905423 0.0899976 0.0894581 0.0889237 0.0883945 0.0878703 0.0873511 0.0868369 0.0863277 0.0858234 0.0853239 0.0848292 0.0843393 0.0838542 0.0833737 0.0828979 0.0824266 0.0819599 0.0814977 0.08104 0.0805868 0.0801379 0.0796933 0.0792531 0.0788171 0.0783853 0.0779577 0.0775342 0.0771148 0.0766994 0.0762881 0.0758806 0.0754772 0.0750775 0.0746817 0.0742897 0.0739014 0.0735169 0.0731359 0.0727586 0.0723849 0.0720147 0.071648 0.0712847 0.0709248 0.0705683 0.070215 0.0698651 0.0695184 0.0691748 0.0688344 0.0684971 0.0681629 