t = 7:2:1001;
v = [ 0.128492 0.0545637 0.0205293 0.00589063 0.00248266 0.00373676 0.00370433 0.00316894 0.00251688 0.00191423 0.00141643 0.00102876 0.000812706 0.000646689 0.000517144 0.000416165 0.000337271 0.000275356 0.000226486 0.000187662 0.000156605 0.000131586 0.000111288 9.47067e-05 8.10696e-05 6.97812e-05 6.03786e-05 5.25001e-05 4.58613e-05 4.02369e-05 3.54475e-05 3.13493e-05 2.78264e-05 2.47848e-05 2.21479e-05 1.98529e-05 1.78479e-05 1.609e-05 1.45437e-05 1.3179e-05 1.1971e-05 1.08985e-05 9.94373e-06 9.09144e-06 8.75903e-06 8.57667e-06 8.40174e-06 8.2338e-06 8.07244e-06 7.91728e-06 7.76797e-06 7.62419e-06 7.48562e-06 7.35201e-06 7.22307e-06 7.09858e-06 6.97831e-06 6.86204e-06 6.74959e-06 6.64075e-06 6.53538e-06 6.43329e-06 6.33434e-06 6.23839e-06 6.1453e-06 6.05495e-06 5.96722e-06 5.88199e-06 5.79916e-06 5.71863e-06 5.64031e-06 5.5641e-06 5.48992e-06 5.4177e-06 5.34735e-06 5.27881e-06 5.21199e-06 5.14685e-06 5.08332e-06 5.02134e-06 4.96085e-06 4.9018e-06 4.84413e-06 4.78781e-06 4.73279e-06 4.67901e-06 4.62644e-06 4.57504e-06 4.52477e-06 4.47559e-06 4.42747e-06 4.38038e-06 4.33427e-06 4.28913e-06 4.24491e-06 4.2016e-06 4.15916e-06 4.11757e-06 4.07681e-06 4.03684e-06 3.99765e-06 3.95922e-06 3.92151e-06 3.88452e-06 3.84822e-06 3.81259e-06 3.77761e-06 3.74327e-06 3.70955e-06 3.67643e-06 3.6439e-06 3.61193e-06 3.58053e-06 3.54966e-06 3.51932e-06 3.4895e-06 3.46018e-06 3.43135e-06 3.40299e-06 3.3751e-06 3.34766e-06 3.32066e-06 3.2941e-06 3.26795e-06 3.24222e-06 3.21689e-06 3.19196e-06 3.1674e-06 3.14323e-06 3.11942e-06 3.09596e-06 3.07286e-06 3.0501e-06 3.02767e-06 3.00557e-06 2.98379e-06 2.96233e-06 2.94117e-06 2.92031e-06 2.89974e-06 2.87947e-06 2.85947e-06 2.83975e-06 2.8203e-06 2.80112e-06 2.78219e-06 2.76352e-06 2.74509e-06 2.72692e-06 2.70898e-06 2.69127e-06 2.67379e-06 2.65654e-06 2.63952e-06 2.6227e-06 2.6061e-06 2.58971e-06 2.57353e-06 2.55754e-06 2.54176e-06 2.52616e-06 2.51076e-06 2.49554e-06 2.48051e-06 2.46566e-06 2.45098e-06 2.43648e-06 2.42215e-06 2.40798e-06 2.39398e-06 2.38015e-06 2.36647e-06 2.35294e-06 2.33958e-06 2.32636e-06 2.31329e-06 2.30036e-06 2.28759e-06 2.27495e-06 2.26245e-06 2.25008e-06 2.23786e-06 2.22576e-06 2.21379e-06 2.20195e-06 2.19024e-06 2.17865e-06 2.16719e-06 2.15584e-06 2.14461e-06 2.1335e-06 2.1225e-06 2.11162e-06 2.10085e-06 2.09018e-06 2.07962e-06 2.06917e-06 2.05883e-06 2.04859e-06 2.03844e-06 2.0284e-06 2.01846e-06 2.00861e-06 1.99886e-06 1.98921e-06 1.97964e-06 1.97017e-06 1.96079e-06 1.9515e-06 1.94229e-06 1.93317e-06 1.92414e-06 1.91519e-06 1.90632e-06 1.89754e-06 1.88884e-06 1.88021e-06 1.87166e-06 1.86319e-06 1.8548e-06 1.84648e-06 1.83824e-06 1.83007e-06 1.82197e-06 1.81395e-06 1.80599e-06 1.79811e-06 1.79029e-06 1.78254e-06 1.77485e-06 1.76724e-06 1.75968e-06 1.7522e-06 1.74477e-06 1.73741e-06 1.73011e-06 1.72287e-06 1.71569e-06 1.70857e-06 1.70151e-06 1.69451e-06 1.68757e-06 1.68068e-06 1.67385e-06 1.66707e-06 1.66035e-06 1.65368e-06 1.64707e-06 1.6405e-06 1.63399e-06 1.62754e-06 1.62113e-06 1.61477e-06 1.60846e-06 1.6022e-06 1.59599e-06 1.58983e-06 1.58372e-06 1.57765e-06 1.57163e-06 1.56565e-06 1.55972e-06 1.55384e-06 1.54799e-06 1.5422e-06 1.53644e-06 1.53073e-06 1.52506e-06 1.51943e-06 1.51385e-06 1.5083e-06 1.5028e-06 1.49733e-06 1.49191e-06 1.48652e-06 1.48117e-06 1.47587e-06 1.47059e-06 1.46536e-06 1.46017e-06 1.45501e-06 1.44988e-06 1.44479e-06 1.43974e-06 1.43473e-06 1.42975e-06 1.4248e-06 1.41988e-06 1.41501e-06 1.41016e-06 1.40535e-06 1.40057e-06 1.39582e-06 1.3911e-06 1.38642e-06 1.38177e-06 1.37715e-06 1.37256e-06 1.368e-06 1.36347e-06 1.35897e-06 1.3545e-06 1.35005e-06 1.34564e-06 1.34126e-06 1.3369e-06 1.33258e-06 1.32828e-06 1.32401e-06 1.31976e-06 1.31555e-06 1.31136e-06 1.3072e-06 1.30306e-06 1.29895e-06 1.29486e-06 1.2908e-06 1.28677e-06 1.28276e-06 1.27878e-06 1.27482e-06 1.27088e-06 1.26697e-06 1.26309e-06 1.25923e-06 1.25539e-06 1.25157e-06 1.24778e-06 1.24401e-06 1.24026e-06 1.23654e-06 1.23283e-06 1.22915e-06 1.2255e-06 1.22186e-06 1.21824e-06 1.21465e-06 1.21108e-06 1.20753e-06 1.204e-06 1.20049e-06 1.197e-06 1.19353e-06 1.19008e-06 1.18665e-06 1.18324e-06 1.17985e-06 1.17648e-06 1.17312e-06 1.16979e-06 1.16648e-06 1.16318e-06 1.15991e-06 1.15665e-06 1.15341e-06 1.15019e-06 1.14698e-06 1.1438e-06 1.14063e-06 1.13748e-06 1.13434e-06 1.13123e-06 1.12813e-06 1.12505e-06 1.12198e-06 1.11893e-06 1.1159e-06 1.11288e-06 1.10988e-06 1.1069e-06 1.10393e-06 1.10098e-06 1.09804e-06 1.09512e-06 1.09222e-06 1.08933e-06 1.08646e-06 1.0836e-06 1.08075e-06 1.07792e-06 1.07511e-06 1.07231e-06 1.06952e-06 1.06675e-06 1.064e-06 1.06125e-06 1.05853e-06 1.05581e-06 1.05311e-06 1.05043e-06 1.04775e-06 1.04509e-06 1.04245e-06 1.03982e-06 1.0372e-06 1.03459e-06 1.032e-06 1.02942e-06 1.02685e-06 1.0243e-06 1.02175e-06 1.01922e-06 1.01671e-06 1.0142e-06 1.01171e-06 1.00923e-06 1.00676e-06 1.00431e-06 1.00187e-06 9.99434e-07 9.97014e-07 9.94606e-07 9.92209e-07 9.89824e-07 9.8745e-07 9.85088e-07 9.82737e-07 9.80397e-07 9.78069e-07 9.75751e-07 9.73444e-07 9.71148e-07 9.68863e-07 9.66589e-07 9.64325e-07 9.62072e-07 9.59829e-07 9.57597e-07 9.55376e-07 9.53164e-07 9.50963e-07 9.48772e-07 9.4659e-07 9.44419e-07 9.42258e-07 9.40107e-07 9.37966e-07 9.35834e-07 9.33712e-07 9.31599e-07 9.29496e-07 9.27403e-07 9.25319e-07 9.23244e-07 9.21179e-07 9.19122e-07 9.17075e-07 9.15037e-07 9.13009e-07 9.10989e-07 9.08978e-07 9.06975e-07 9.04982e-07 9.02998e-07 9.01022e-07 8.99054e-07 8.97096e-07 8.95145e-07 8.93204e-07 8.9127e-07 8.89345e-07 8.87429e-07 8.8552e-07 8.8362e-07 8.81728e-07 8.79844e-07 8.77968e-07 8.761e-07 8.7424e-07 8.72387e-07 8.70543e-07 8.68706e-07 8.66878e-07 8.65056e-07 8.63243e-07 8.61437e-07 8.59639e-07 8.57848e-07 8.56064e-07 8.54288e-07 8.52519e-07 8.50758e-07 8.49004e-07 8.47257e-07 8.45517e-07 8.43785e-07 8.42059e-07 8.40341e-07 8.38629e-07 8.36925e-07 8.35227e-07 8.33536e-07 8.31852e-07 8.30175e-07 8.28505e-07 8.26841e-07 8.25184e-07 8.23534e-07  ];
