x = -5:0.01:5;
y = 1./(1+x.*x);
y1 = [0.0384615 0.0388538 0.0392461 0.0396384 0.0400306 0.0404228 0.0408149 0.041207 0.0415989 0.0419908 0.0423825 0.0427741 0.0431656 0.0435569 0.043948 0.044339 0.0447298 0.0451204 0.0455107 0.0459009 0.0462908 0.0466804 0.0470698 0.0474589 0.0478477 0.0482362 0.0486244 0.0490122 0.0493997 0.0497869 0.0501737 0.0505601 0.0509461 0.0513317 0.0517169 0.0521016 0.0524859 0.0528698 0.0532532 0.0536361 0.0540185 0.0544004 0.0547817 0.0551626 0.0555429 0.0559226 0.0563018 0.0566804 0.0570584 0.0574357 0.0578125 0.0581886 0.0585641 0.0589389 0.0593131 0.0596865 0.0600593 0.0604313 0.0608026 0.0611732 0.0615431 0.0619122 0.0622805 0.062648 0.0630147 0.0633806 0.0637457 0.0641099 0.0644733 0.0648358 0.0651975 0.0655583 0.0659181 0.0662771 0.0666351 0.0669922 0.0673483 0.0677035 0.0680577 0.0684109 0.0687631 0.0691143 0.0694644 0.0698135 0.0701616 0.0705086 0.0708545 0.0711993 0.071543 0.0718856 0.0722271 0.0725674 0.0729066 0.0732446 0.0735815 0.0739171 0.0742515 0.0745847 0.0749167 0.0752474 0.0755769 0.0759051 0.0762321 0.0765577 0.076882 0.077205 0.0775267 0.077847 0.078166 0.0784836 0.0787998 0.0791146 0.079428 0.07974 0.0800506 0.0803597 0.0806673 0.0809735 0.0812782 0.0815814 0.0818831 0.0821832 0.0824819 0.0827789 0.0830744 0.0833684 0.0836607 0.0839515 0.0842406 0.0845282 0.084814 0.0850983 0.0853808 0.0856617 0.0859409 0.0862184 0.0864942 0.0867683 0.0870406 0.0873112 0.08758 0.087847 0.0881123 0.0883757 0.0886373 0.0888971 0.0891551 0.0894112 0.0896654 0.0899178 0.0901683 0.0904168 0.0906635 0.0909082 0.091151 0.0913918 0.0916307 0.0918675 0.0921024 0.0923353 0.0925662 0.092795 0.0930218 0.0932465 0.0934692 0.0936897 0.0939082 0.0941246 0.0943389 0.094551 0.094761 0.0949688 0.0951744 0.0953779 0.0955792 0.0957782 0.0959751 0.0961697 0.0963621 0.0965522 0.09674 0.0969255 0.0971088 0.0972897 0.0974684 0.0976446 0.0978186 0.0979901 0.0981593 0.0983262 0.0984906 0.0986526 0.0988122 0.0989693 0.099124 0.0992762 0.099426 0.0995732 0.099718 0.0998603 0.1 0.100137 0.100272 0.100405 0.100537 0.100667 0.100796 0.100925 0.101054 0.101182 0.101311 0.10144 0.10157 0.101702 0.101835 0.10197 0.102107 0.102247 0.102389 0.102535 0.102685 0.102838 0.102995 0.103157 0.103323 0.103495 0.103671 0.103854 0.104043 0.104238 0.104439 0.104648 0.104864 0.105088 0.105319 0.105559 0.105807 0.106064 0.106331 0.106607 0.106892 0.107188 0.107495 0.107812 0.10814 0.10848 0.108831 0.109195 0.10957 0.109959 0.110361 0.110775 0.111204 0.111646 0.112103 0.112575 0.113061 0.113562 0.114079 0.114612 0.115162 0.115727 0.11631 0.116909 0.117526 0.118161 0.118814 0.119485 0.120175 0.120884 0.121612 0.122361 0.123129 0.123917 0.124726 0.125556 0.126407 0.12728 0.128174 0.129091 0.130031 0.130993 0.131978 0.132987 0.13402 0.135077 0.136158 0.137264 0.138395 0.139552 0.140734 0.141942 0.143176 0.144437 0.145726 0.147041 0.148384 0.149755 0.151154 0.152582 0.154038 0.155524 0.15704 0.158585 0.16016 0.161766 0.163402 0.16507 0.166769 0.1685 0.170262 0.172058 0.173886 0.175746 0.177641 0.179568 0.18153 0.183526 0.185557 0.187622 0.189723 0.191859 0.194031 0.19624 0.198485 0.200766 0.203085 0.205441 0.207835 0.210267 0.212737 0.215247 0.217795 0.220382 0.223009 0.225677 0.228384 0.231132 0.233921 0.236751 0.239623 0.242537 0.245493 0.248491 0.251532 0.254617 0.257745 0.260916 0.264132 0.267392 0.270697 0.274047 0.277442 0.280884 0.284371 0.287904 0.291484 0.295111 0.298785 0.302507 0.306277 0.310095 0.313961 0.317877 0.321842 0.325856 0.32992 0.334034 0.338198 0.342413 0.34668 0.350998 0.355367 0.359789 0.364262 0.368789 0.373369 0.378001 0.382688 0.387428 0.392223 0.397072 0.401976 0.406936 0.411951 0.417022 0.422148 0.427332 0.432572 0.437869 0.443224 0.448637 0.454107 0.459636 0.465224 0.47087 0.476576 0.482342 0.488168 0.494053 0.5 0.506007 0.512072 0.518194 0.524369 0.530596 0.536871 0.543193 0.549559 0.555966 0.562413 0.568897 0.575414 0.581964 0.588543 0.59515 0.601781 0.608435 0.615108 0.621799 0.628505 0.635223 0.641952 0.648689 0.65543 0.662175 0.668921 0.675665 0.682404 0.689137 0.695861 0.702573 0.709271 0.715953 0.722617 0.729259 0.735877 0.74247 0.749034 0.755568 0.762068 0.768532 0.774959 0.781345 0.787688 0.793986 0.800236 0.806436 0.812584 0.818676 0.824712 0.830687 0.8366 0.842449 0.848231 0.853943 0.859583 0.86515 0.870639 0.87605 0.881378 0.886623 0.891782 0.896852 0.901831 0.906716 0.911506 0.916196 0.920787 0.925273 0.929655 0.933928 0.938091 0.94214 0.946075 0.949892 0.953589 0.957163 0.960612 0.963934 0.967126 0.970186 0.973111 0.9759 0.978549 0.981056 0.983419 0.985635 0.987702 0.989618 0.991379 0.992985 0.994431 0.995717 0.996839 0.997795 0.998582 0.999199 0.999642 0.99991 1 0.99991 0.999642 0.999199 0.998582 0.997795 0.996839 0.995717 0.994431 0.992985 0.991379 0.989618 0.987702 0.985635 0.983419 0.981056 0.978549 0.9759 0.973111 0.970186 0.967126 0.963934 0.960612 0.957163 0.953589 0.949892 0.946075 0.94214 0.938091 0.933928 0.929655 0.925273 0.920787 0.916196 0.911506 0.906716 0.901831 0.896852 0.891782 0.886623 0.881378 0.87605 0.870639 0.86515 0.859583 0.853943 0.848231 0.842449 0.8366 0.830687 0.824712 0.818676 0.812584 0.806436 0.800236 0.793986 0.787688 0.781345 0.774959 0.768532 0.762068 0.755568 0.749034 0.74247 0.735877 0.729259 0.722617 0.715953 0.709271 0.702573 0.695861 0.689137 0.682404 0.675665 0.668921 0.662175 0.65543 0.648689 0.641952 0.635223 0.628505 0.621799 0.615108 0.608435 0.601781 0.59515 0.588543 0.581964 0.575414 0.568897 0.562413 0.555966 0.549559 0.543193 0.536871 0.530596 0.524369 0.518194 0.512072 0.506007 0.5 0.494053 0.488168 0.482342 0.476576 0.47087 0.465224 0.459636 0.454107 0.448637 0.443224 0.437869 0.432572 0.427332 0.422148 0.417022 0.411951 0.406936 0.401977 0.397072 0.392223 0.387428 0.382688 0.378001 0.373369 0.368789 0.364263 0.359789 0.355367 0.350998 0.34668 0.342413 0.338198 0.334034 0.32992 0.325856 0.321842 0.317877 0.313962 0.310095 0.306277 0.302507 0.298785 0.295111 0.291484 0.287904 0.284371 0.280884 0.277442 0.274047 0.270697 0.267392 0.264132 0.260916 0.257745 0.254617 0.251532 0.248491 0.245493 0.242537 0.239623 0.236751 0.233921 0.231132 0.228384 0.225677 0.223009 0.220382 0.217795 0.215247 0.212738 0.210267 0.207835 0.205441 0.203085 0.200766 0.198485 0.19624 0.194032 0.191859 0.189723 0.187622 0.185557 0.183526 0.18153 0.179568 0.177641 0.175746 0.173886 0.172058 0.170263 0.1685 0.166769 0.16507 0.163402 0.161766 0.16016 0.158585 0.15704 0.155524 0.154038 0.152582 0.151154 0.149755 0.148384 0.147041 0.145726 0.144437 0.143176 0.141942 0.140734 0.139552 0.138395 0.137264 0.136158 0.135077 0.13402 0.132987 0.131978 0.130993 0.130031 0.129091 0.128175 0.12728 0.126407 0.125556 0.124726 0.123917 0.123129 0.122361 0.121613 0.120884 0.120175 0.119485 0.118814 0.118161 0.117526 0.116909 0.11631 0.115727 0.115162 0.114612 0.11408 0.113562 0.113061 0.112575 0.112103 0.111646 0.111204 0.110775 0.110361 0.109959 0.10957 0.109195 0.108831 0.10848 0.10814 0.107812 0.107495 0.107188 0.106892 0.106607 0.106331 0.106064 0.105807 0.105559 0.105319 0.105088 0.104864 0.104648 0.104439 0.104238 0.104043 0.103854 0.103672 0.103495 0.103323 0.103157 0.102995 0.102838 0.102685 0.102535 0.10239 0.102247 0.102107 0.10197 0.101835 0.101702 0.10157 0.10144 0.101311 0.101182 0.101054 0.100925 0.100797 0.100667 0.100537 0.100405 0.100272 0.100137 0.1 0.0998603 0.099718 0.0995732 0.099426 0.0992762 0.099124 0.0989693 0.0988122 0.0986526 0.0984906 0.0983262 0.0981593 0.0979901 0.0978186 0.0976446 0.0974684 0.0972897 0.0971088 0.0969255 0.09674 0.0965522 0.0963621 0.0961697 0.0959751 0.0957782 0.0955792 0.0953779 0.0951744 0.0949688 0.094761 0.094551 0.0943389 0.0941246 0.0939082 0.0936897 0.0934692 0.0932465 0.0930218 0.092795 0.0925662 0.0923353 0.0921024 0.0918675 0.0916307 0.0913918 0.091151 0.0909082 0.0906635 0.0904168 0.0901683 0.0899178 0.0896654 0.0894112 0.0891551 0.0888971 0.0886373 0.0883757 0.0881123 0.087847 0.08758 0.0873112 0.0870406 0.0867683 0.0864942 0.0862184 0.0859409 0.0856617 